time,x,y,z,phi,theta,psi,x_velocity,y_velocity,z_velocity,phi_velocity,theta_velocity,psi_velocity,rotor_speed1,rotor_speed2,rotor_speed3,rotor_speed4
0.06,4.89588726101e-08,3.6223256338e-07,10.0047363048,0.000308917936201,6.28311835547,0.0,5.22428732861e-06,3.09218737425e-05,0.157867366751,0.0138482626173,-0.00344677980658,0.0,455.11666729059937,454.840784658953,454.2471142940853,455.3559991772377
0.12000000000000001,2.66353943603e-06,1.22313176364e-05,10.0181502221,0.000743218376015,6.28287441581,0.0,0.000105931987371,0.000437759579867,0.289238315415,-0.0112182340665,-0.00533314772619,0.0,447.31611848530076,447.1625811310713,447.3469079874169,445.30141209197996
0.18,1.80334174435e-05,5.43048509634e-05,10.0430475177,0.000254994961938,6.28280414345,0.0,0.000429298966854,0.000893160807776,0.540586287305,-0.00259433098291,0.00606972699382,0.0,482.26066153544343,483.1210759837672,482.3025769048934,482.953484592369
0.23999999999999996,5.01499097541e-05,0.000112480975294,10.0779164674,0.000151791938014,6.28284284888,0.0,0.000618135548163,0.00103324779936,0.621670945141,-2.6316764737e-05,-0.0133465838867,0.0,431.32713774372746,429.68449959972804,431.73559277245045,431.9522133163749
0.3,9.85359425981e-05,0.000178435497903,10.1206023591,0.000521497610086,6.28205348583,0.0,0.00108512638843,0.00118868569095,0.801083159904,0.0163135079001,-0.01277769042,0.0,462.1845461845651,462.2294991439206,460.81440417831084,462.1039791593841
0.36000000000000004,0.000191763587216,0.00026526332153,10.173021655,0.00154439781832,6.28099705553,0.0,0.00211880516434,0.00181430340587,0.946117294101,0.0184788381912,-0.0296327941695,0.0,452.1008410546048,450.7409652438213,451.7590747909686,451.9335307679772
0.4200000000000001,0.000376681230078,0.000414342141371,10.2350463716,0.00277841184901,6.27899777744,0.0,0.00425692498352,0.00328755365193,1.12121690247,0.0244459552218,-0.0419637215209,0.0,462.17878115924907,461.205586861766,460.1273757254425,460.59943989800917
0.48000000000000015,0.000742263199455,0.000683726835528,10.3083453237,0.00399837148624,6.27653202275,0.0,0.0082193770877,0.00585022444539,1.32186918218,0.0104818523744,-0.039414889291,0.0,469.1335055940277,469.3305551983757,469.32181580893274,468.23681087112953
0.5400000000000001,0.00139413240399,0.00112742843046,10.3924190203,0.00409512660905,6.27441360852,0.0,0.0137551238093,0.00899381177934,1.48039339015,-0.029344884398,-0.0281500792746,0.0,456.49625217853327,457.393638191212,458.2797027644895,455.1033589284878
0.6000000000000002,0.00243397156781,0.00175724446114,10.4871898289,0.00310079098785,6.27243606977,0.0,0.0211145535618,0.0118475965424,1.67836273913,0.001197717736,-0.0449173263815,0.0,468.4306760825812,467.12467820331403,469.19483095022656,471.55987609490023
0.6600000000000003,0.00390415523147,0.00252428849048,10.5883021434,0.00299520273284,6.26943693154,0.0,0.0281429867436,0.0137196481312,1.69202447652,-0.00845111618433,-0.0627755320521,0.0,412.67033554605945,411.08915918286795,411.4719894371904,410.6170036866793
0.7200000000000003,0.00597003230372,0.00342325293316,10.6982930554,0.00246972358395,6.26579669139,0.0,0.0411901315479,0.0161779851749,1.97388944152,-0.00937891227299,-0.0567638819686,0.0,492.6304790198747,493.07253156837027,495.0481615984351,494.98002227005605
0.7800000000000004,0.00878758739863,0.00443931883576,10.8182891103,0.00176076047688,6.2626319454,0.0,0.0530374903038,0.0176307861843,2.02588221349,-0.0171999848197,-0.0457273927701,0.0,424.738068120698,425.68149245232195,425.7170084305928,425.0474111785189
0.8400000000000004,0.0123879500156,0.0055282557046,10.9420441825,0.000585649891897,6.26011663903,0.0,0.0672286524396,0.0185591665579,2.09914916255,-0.0248417633543,-0.0352307012887,0.0,433.5940100650433,434.4738881700508,431.1136069968672,430.46748123849403
0.9000000000000005,0.0169197979365,0.00664843911551,11.0715613221,6.28236041883,6.25774955746,0.0,0.0840605081313,0.0186283684392,2.21785979067,-0.0209686933325,-0.0496141861823,0.0,448.508463297011,447.3379786210008,446.1211509299993,446.43721204040924
0.9600000000000005,0.022595630363,0.00774030172067,11.2112963001,6.28094381525,6.2544482061,0.0,0.105495043714,0.0176078044624,2.43951576984,-0.0294984479158,-0.0689494489022,0.0,479.14907648763244,477.67502314090785,479.040444631516,478.3913982797448
1.0200000000000005,0.0295206372393,0.00874486000222,11.3601803075,6.27906200197,6.25003783266,0.0,0.125756444844,0.0156964641095,2.52308886764,-0.0353814407815,-0.0846744243731,0.0,438.4802116707953,437.16751993120755,437.48032501062437,436.989844525333
1.0800000000000005,0.0378647393119,0.00958087612664,11.5173704104,6.27713321434,6.24577319095,0.0,0.152895945431,0.0119391132042,2.71612127629,-0.0263564141167,-0.0525142662168,0.0,470.5750644291572,473.05394531518317,470.87238675091265,471.5696954037231
1.1400000000000006,0.0478946847207,0.0101541868427,11.685203104,6.27536107744,6.24238472814,0.0,0.181781855303,0.00698855344407,2.87789086192,-0.0368020998546,-0.0658795163873,0.0,463.56046132654296,462.5069369401048,463.64475810867674,462.8231170688111
1.2000000000000006,0.0595607864074,0.0104231838404,11.8584908723,6.27333927517,6.23841018748,0.0,0.207443148877,0.00178834431684,2.89829647738,-0.0281158979509,-0.0669776828026,0.0,418.62185690330847,418.5227275803066,419.69518035453257,420.44787239627146
1.2600000000000007,0.0731031666168,0.0102862498456,12.0387910957,6.27184315754,6.23433098061,0.0,0.244423888107,-0.00653494505434,3.11112752836,-0.0192324607375,-0.0700843536398,0.0,478.9982678110975,478.7588383164671,479.3054161575297,479.9800090619327
1.3200000000000007,0.0887120358254,0.00967531932109,12.2268027942,6.27010371021,6.23030352298,0.0,0.276250343632,-0.013943323111,3.15578049313,-0.0698549040411,-0.0617814764184,0.0,428.57880533473923,429.2803650591641,430.74112898539835,426.43765262294255
1.3800000000000008,0.106364885602,0.00856052524968,12.4185992368,6.26634169726,6.22638477754,0.0,0.312541775668,-0.0236047261472,3.23717446338,-0.0512738567137,-0.0735184274053,0.0,442.15293250946735,441.18166307598034,439.35106795512405,440.8859543513096
1.4400000000000008,0.126356103775,0.00677009435547,12.6166563462,6.26285762426,6.22157967071,0.0,0.35429254143,-0.0364109363544,3.36432036234,-0.0772875961019,-0.0983438179626,0.0,457.1910871283738,455.2034860419626,456.2736246687968,454.1895092157874
1.5000000000000009,0.149192536376,0.00405389285136,12.8260145612,6.259091186,6.2154883291,0.0,0.40761528663,-0.0546210352586,3.61346179474,-0.0433536830721,-0.108781744289,0.0,493.21125346911896,492.43184757844,491.02364106415206,493.53182176006896
1.560000000000001,0.174921447417,0.000323239379097,13.043604725,6.25633625318,6.20864938493,0.0,0.450613298936,-0.0699738590615,3.63939892813,-0.0516048607905,-0.127198821381,0.0,427.47351065218663,425.8886847848553,426.1917552633827,425.48453602352686
1.620000000000001,0.20357221436,-0.00445740435518,13.2655329706,6.25296476532,6.20121065504,0.0,0.505168876815,-0.0897044917783,3.75773815214,-0.067453466645,-0.118217168177,0.0,455.94014450975664,456.64363225333807,456.21660126903646,454.94718877834316
1.680000000000001,0.235721102205,-0.0105218438496,13.495374514,6.24930872174,6.19373478755,0.0,0.567203192639,-0.11284144867,3.90305798191,-0.050340791977,-0.142093199946,0.0,465.79881743943076,463.9139817884483,464.741626759875,466.07850435694894
1.740000000000001,0.271816344406,-0.0180709211887,13.7345124359,6.2466132842,6.18543733709,0.0,0.636852030452,-0.139087297032,4.06750642859,-0.0358444679708,-0.131609911351,0.0,471.75155687173515,472.5438158559083,471.46125899695505,472.57894729339046
1.8000000000000012,0.312136610296,-0.0272003815134,13.9821051134,6.24424051826,6.17765318853,0.0,0.707928608981,-0.165443074572,4.18503278676,-0.0482244005244,-0.12623239612,0.0,457.9832098888179,458.3958791539446,461.0100788780862,460.02999554501946
1.8600000000000012,0.356561417907,-0.0378447776747,14.2337192444,6.24118990268,6.16998420291,0.0,0.773568257365,-0.189629302547,4.20192113865,-0.0566750381169,-0.131185463595,0.0,428.92862112570293,428.4921299622266,428.9374530636195,428.21734877781097
1.9200000000000013,0.404907818857,-0.0499386000314,14.4849728467,6.23814536712,6.16226977597,0.0,0.838628462512,-0.213763343912,4.17317793512,-0.0409430441234,-0.123809056107,0.0,414.46154887058236,415.09297977966463,412.1460412772224,413.5323674512735
1.9800000000000013,0.457469889571,-0.0635941430328,14.7359854408,6.23731801145,6.15486448579,0.0,0.914089773467,-0.241537195189,4.19369692223,0.0147067718941,-0.122658208873,0.0,430.1919002832277,430.27498667568136,428.03994502279653,432.7500750301922
2.0400000000000014,0.515392280139,-0.0791663658241,14.9935626855,6.23831585745,6.14732053718,0.0,1.01741159497,-0.27738590081,4.39129624282,0.0202248387472,-0.132717364783,0.0,485.2963464825944,484.5276297606596,485.5922903107744,486.0059725679937
2.1000000000000014,0.578993511303,-0.0966373101007,15.2579133404,6.23989689542,6.13913474767,0.0,1.10333565927,-0.304837977928,4.42012092832,0.0364161080179,-0.145129185635,0.0,435.6662370287729,434.6093040874927,435.10623257231595,436.45995815207505
2.1600000000000015,0.64818804116,-0.115805931981,15.5259164767,6.24196920277,6.13056002454,0.0,1.20394741959,-0.333878474125,4.51275744426,0.0304914776775,-0.138814996873,0.0,456.06043629254066,456.5460549020936,456.55973620501715,456.08720653131667
2.2200000000000015,0.723425322108,-0.136630927324,15.7983867898,6.24433398377,6.12253205587,0.0,1.30468370017,-0.360068386496,4.56916616104,0.0530221547781,-0.125300421667,0.0,445.1035042783559,446.1917100457342,445.6738926238178,447.51256994629006
2.2800000000000016,0.805224191797,-0.159062941746,16.0764658275,6.24742910865,6.11446241376,0.0,1.4226427626,-0.387305192115,4.69938721153,0.0485460533874,-0.16814724973,0.0,472.20867427837726,468.8742958119313,469.35321359024124,469.0072075710789
2.3400000000000016,0.894095440865,-0.183024627358,16.3612414133,6.25014269658,6.10403200193,0.0,1.54066580941,-0.411112048269,4.79246272636,0.0375890456376,-0.188739732023,0.0,461.0178921666716,459.35930108350436,460.4811376541041,459.6145427810478
2.4000000000000017,0.990277127891,-0.208363226274,16.6516452315,6.25272566167,6.09352990252,0.0,1.66637420277,-0.433240933957,4.88693903515,0.0521906830998,-0.156382570166,0.0,461.0691778117348,463.5896335349099,461.06069341356505,462.21395148227674
2.4600000000000017,1.09511310683,-0.235112923508,16.9523547275,6.25549995307,6.08435585006,0.0,1.82904381665,-0.458004791891,5.13523933804,0.0303694864158,-0.146723152609,0.0,508.3838820482138,509.0567305624747,509.36233362883826,507.8001472695204
2.520000000000002,1.20873214242,-0.26312258634,17.2620087104,6.25699915418,6.07556498429,0.0,1.95899059312,-0.475478719098,5.18601381233,0.0111417020397,-0.146100714941,0.0,452.6926876464427,452.72310662412565,453.74478952374506,452.1983779217855
2.580000000000002,1.33101771571,-0.292242349101,17.5779981878,6.25756023754,6.06650610742,0.0,2.11795571751,-0.495084452924,5.34582664577,0.00550602372363,-0.163150677806,0.0,488.38412445393243,487.09107804690706,486.9489794972066,486.5270237368819
2.640000000000002,1.46220712799,-0.322430253162,17.8997649431,6.25754160908,6.05662762108,0.0,2.25582638028,-0.511149571986,5.37918478794,-0.0156873378346,-0.16779874002,0.0,450.2502587511987,449.8484657847488,452.5990675110995,450.8898351987173
2.700000000000002,1.60186891253,-0.353588453997,18.2235796541,6.25646380105,6.04646440947,0.0,2.40038208265,-0.527536018408,5.41404232479,-0.0229556413096,-0.172763847568,0.0,452.4673172619707,452.0403590174487,453.1913059455294,452.60667396750205
2.760000000000002,1.75036310468,-0.385747749996,18.5493348178,6.25496774654,6.03576912025,0.0,2.55026045087,-0.54455653653,5.44385019589,-0.0292176850773,-0.192444888221,0.0,452.91968876198933,451.30318979928114,452.6825540502326,452.1781871513906
2.820000000000002,1.90685830132,-0.418823159153,18.8721718575,6.25328427931,6.02439531764,0.0,2.66709795731,-0.558081831996,5.317585514,-0.0258337813677,-0.184354470277,0.0,400.07848296371645,400.7752732735338,400.8345181487894,401.1416929425615
2.880000000000002,2.07172613339,-0.452869065708,19.1919380034,6.25195553286,6.01308908721,0.0,2.82936287762,-0.576893241413,5.34063099309,-0.0156369376337,-0.198181033386,0.0,451.97458221351013,450.82446758607375,450.6057714901956,451.42945799944323
2.940000000000002,2.24571108352,-0.487972632603,19.5100957131,6.25101814472,6.0016294225,0.0,2.97100175141,-0.593294742379,5.26448471461,-0.0155955473995,-0.179537767909,0.0,418.3397424958978,419.9220241539583,419.88218819826267,419.8858626775051
3.000000000000002,2.42986766523,-0.524241337355,19.8288197894,6.25003999724,5.99144444012,0.0,3.16831501764,-0.615725590447,5.35855048594,-0.0177550748412,-0.15515228062,0.0,474.79451437629103,476.63598441195165,475.2522563227913,475.08678522921207
3.0600000000000023,2.62388421648,-0.561635572556,20.1459500123,6.2488872103,5.98198645435,0.0,3.29958649462,-0.630833152796,5.21272647606,-0.0223011651362,-0.16311625882,0.0,398.4212546633349,397.6654558221251,396.6187176192977,396.2008562501239
3.1200000000000023,2.82740872472,-0.600119222303,20.4591533551,6.24772840289,5.97274585556,0.0,3.48520281868,-0.652045489656,5.22671335496,-0.0139233752123,-0.140195268082,0.0,450.79604894056746,452.62234159792456,452.01391569933327,452.6887348795404
3.1800000000000024,3.04298743847,-0.63997892548,20.7755336424,6.24689872576,5.96419547991,0.0,3.70124544931,-0.676658693957,5.3181840659,-0.0136377904182,-0.14757649199,0.0,477.86421731614627,477.28368689313595,478.45433139548004,478.4762069233395
3.2400000000000024,3.2714324771,-0.681303157575,21.0965828495,6.24604027447,5.95540113259,0.0,3.9140995178,-0.700863165316,5.38244241011,-0.015681758708,-0.144638674723,0.0,471.7092269264468,471.91732899902405,472.0632251522049,471.90556792052223
3.3000000000000025,3.51166660862,-0.723971816314,21.4181190424,6.24517527304,5.94710427341,0.0,4.09422678519,-0.721487807839,5.33506760937,-0.0119996254343,-0.127910375162,0.0,436.47029836531647,437.8462191658371,438.00207628516756,438.308374557641
3.3600000000000025,3.76295876682,-0.767906015986,21.7371741899,6.24415841943,5.93997365831,0.0,4.28258140983,-0.743042761042,5.29969105892,-0.0293518459977,-0.105071647508,0.0,440.8363773111968,442.7068306376479,443.95684848452083,442.53051363957513
3.4200000000000026,4.02549923336,-0.813137374542,22.0536759086,6.24228861937,5.93325982214,0.0,4.46909078829,-0.764804744792,5.25005276013,-0.0350568297466,-0.131238156667,0.0,439.76888366345986,437.58377157032356,438.7058240865377,438.23139935872575
3.4800000000000026,4.29937331838,-0.859711415065,22.3673215234,6.23984648297,5.92573632269,0.0,4.66044503809,-0.787829311089,5.20438904653,-0.0554576296374,-0.115716905885,0.0,439.7272769282009,440.9968577233821,441.9311990054031,440.24502547100394
3.5400000000000027,4.58553892104,-0.907793590731,22.6801058969,6.23651902114,5.91855568701,0.0,4.87866504524,-0.815175323399,5.22095931324,-0.0554578323756,-0.129076645436,0.0,463.94249405713884,462.8797223520124,461.24631243901706,461.2443470883994
3.6000000000000028,4.88479890867,-0.957563128607,22.9935801713,6.23326631562,5.91126927291,0.0,5.09694858945,-0.844064814573,5.22739680121,-0.0518302109711,-0.109405201354,0.0,458.4291002862841,459.9768412504106,462.2684001102533,462.55240513869563
3.660000000000003,5.19613620205,-1.00897852003,23.3045607786,6.23039430574,5.90472156405,0.0,5.28126283309,-0.869998132579,5.13846421477,-0.0409322398084,-0.108581182811,0.0,430.2119161636968,430.2707712939577,429.6666502647183,430.5883188862652
3.720000000000003,5.51889201646,-1.06203062921,23.6109248443,6.22782552794,5.89855737725,0.0,5.47749518429,-0.898588544701,5.0733597859,-0.0468667529916,-0.0930624707163,0.0,438.5560202107389,439.8340178002312,438.78952149103145,438.29540923045977
3.780000000000003,5.85229659914,-1.11667667489,23.91045652,6.2253585367,5.89345845537,0.0,5.63628007819,-0.923136239229,4.91136281663,-0.0315691025932,-0.0723913260506,0.0,403.81025308258774,405.66427868681933,403.9026573675819,405.2792307935454
3.840000000000003,6.19558062624,-1.17287296022,24.2010676932,6.22351542173,5.88941925617,0.0,5.80667306651,-0.950218349428,4.77589145175,-0.0290698999429,-0.0587359176671,0.0,412.3007348430755,413.5019233220596,414.3003834669777,414.51973601379893
3.900000000000003,6.54902086233,-1.23070965771,24.483372354,6.22176120654,5.88571978208,0.0,5.97477657057,-0.97781183506,4.63453745849,-0.0295730115261,-0.068253861491,0.0,412.21759021314693,411.37231618901546,410.06395885979634,410.0189210076582
3.960000000000003,6.91380974712,-1.29041220345,24.7601879629,6.21997493196,5.88157525511,0.0,6.18479729105,-1.01240334025,4.59228870159,-0.0301706140695,-0.0707705296359,0.0,444.46560268035375,444.2556299633251,446.97137789986397,446.92239202373906
4.020000000000002,7.29034864794,-1.35209158898,25.0324270056,6.21798955371,5.87761102867,0.0,6.36655105299,-1.04372251671,4.4823947669,-0.0396799372088,-0.0580276962997,0.0,421.47607251467707,422.5727004469277,423.7135364901437,422.89449747507103
4.080000000000001,7.67799888978,-1.41571315035,25.2985503136,6.21590420637,5.87443817172,0.0,6.55507107937,-1.0771675867,4.38836973276,-0.0263828938533,-0.0441873064543,0.0,427.80307146442954,428.9782482889051,427.496656352448,428.62789346789344
4.14,8.07709609329,-1.48139618676,25.5593816194,6.21414410316,5.87174122443,0.0,6.74803035877,-1.11239995176,4.30596427169,-0.0360107316868,-0.0465175214491,0.0,433.0199722269913,432.82263031635756,432.1785109779039,431.36573458702617
4.199999999999998,8.48993120918,-1.54956997143,25.8202573744,6.21140656212,5.86933256424,0.0,7.01261236448,-1.16022169512,4.38883814926,-0.08417778543,-0.0297451836351,0.0,487.180718950316,488.43272334799406,489.3603518164539,485.75923234901643
4.259999999999997,8.9170936638,-1.62042915265,26.0826447862,6.20576327819,5.86775140967,0.0,7.22576723356,-1.20215747686,4.3570734225,-0.137267492961,-0.0203100931157,0.0,452.3990728812197,453.1581921990052,454.1885081483682,449.9002840364315
4.319999999999996,9.35598703525,-1.69373091427,26.3408462501,6.1971387537,5.86637053455,0.0,7.40378373199,-1.24184980295,4.24976668981,-0.161609435723,-0.0290610591063,0.0,427.317008967365,426.57008489049804,427.52125383659916,425.42070702661795
4.379999999999995,9.80693934772,-1.76982773072,26.595828173,6.18734933488,5.86436781362,0.0,7.62749775277,-1.29551500692,4.24902080168,-0.166442331752,-0.04382944378,0.0,464.1068214963925,462.9455022912649,463.57321941640186,463.169005322328
4.439999999999993,10.2714610561,-1.84935937732,26.8511629176,6.17751243747,5.86142523702,0.0,7.85612636621,-1.35635837497,4.26135504847,-0.159382035209,-0.0623125230664,0.0,469.43552187776714,467.99727151621886,469.4593569786454,469.9829320613769
4.499999999999992,10.7497049676,-1.93272370405,27.1072645686,6.16824844298,5.85780924377,0.0,8.08496317727,-1.42321317387,4.27449079046,-0.145950528101,-0.0564616105873,0.0,470.43844721273143,470.88903441028305,471.4126897131491,472.4285576471891
4.559999999999991,11.2406889413,-2.02001429251,27.3619851938,6.15975681387,5.85457258412,0.0,8.28091772742,-1.48712647951,4.21582187015,-0.133899948338,-0.0493348555131,0.0,449.82894157721614,450.4039561860183,447.309822982513,448.27179188645215
4.6199999999999894,11.7437135306,-2.11135988097,27.6138436406,6.15203319942,5.85160347155,0.0,8.48621962598,-1.5583312843,4.17895360906,-0.12000055992,-0.0497875210644,0.0,456.7986901444388,456.7611291798235,457.2494868636203,458.3410077456414
4.679999999999988,12.2588878251,-2.2070674401,27.863179725,6.14514902185,5.84881188521,0.0,8.68591362437,-1.63245647184,4.13181684988,-0.105878480806,-0.0406951473931,0.0,454.74040259917615,455.4671247679248,454.16320233633814,455.28326467227004
4.739999999999987,12.7862489233,-2.30740971264,28.1101967199,6.13903521254,5.8461117138,0.0,8.89236062779,-1.71276117559,4.10155643186,-0.0949370681393,-0.055422756723,0.0,462.06895011691336,460.90496516523507,461.33432562575945,462.18906694781737
4.799999999999986,13.3256066009,-2.41256694774,28.3546367828,6.13332318029,5.84290807585,0.0,9.08591251789,-1.79290894482,4.04603834281,-0.0957323476518,-0.0496185942476,0.0,454.11869496776666,454.58235935460135,454.13343522458354,454.0621267105753
4.859999999999984,13.8763373285,-2.5225649752,28.5953014452,6.12710484215,5.83953828083,0.0,9.27147808755,-1.87413957834,3.97580811102,-0.128239811672,-0.0743375002097,0.0,450.63737516772875,448.63184319678686,451.73621447324456,449.09652184196915
4.919999999999983,14.4390477154,-2.6378331327,28.8335461046,6.11931837822,5.83575358669,0.0,9.4851276738,-1.96870411659,3.96481108261,-0.133031525889,-0.0468602243034,0.0,470.3550690924335,472.47597663922505,471.1966688161204,470.8115764908434
4.979999999999982,15.0146440096,-2.75894782216,29.071290429,6.11083120015,5.83264295795,0.0,9.70087436366,-2.06906461875,3.95914223204,-0.169120650016,-0.0643581405605,0.0,475.8023527859549,474.4588036692363,475.9220134559325,473.13251144359145
5.0399999999999805,15.603963672,-2.88653538918,29.3103064028,6.10048515939,5.82921132259,0.0,9.94244666362,-2.18463335292,4.00664530492,-0.180044718203,-0.0457547161577,0.0,493.3930161404824,494.7629891603514,494.9600865308724,494.12984864742214
